✅ TRUE WEIL OPTIMIZER (χ(i) × χ(i+k))
N=10230 | p=10243 | k=281-5121
IMMEDIATE SAVES after each k
========================================================================================================================

========================================================================================================================
TRUE WEIL(k=281) | N=10230 | p=10243 | 2026-05-11 07:58:40.119
PSL: 418→142 | Bal: 10→0 | Flips:2 | Phase1:6 | 59.42s
Valid: [0, 2, 4, 6] | OK: ✅
========================================================================================================================
11111100100101000000001110100110001101000111001110100011010001011100011110111011
11110100101111101100100011101100111101001010101011010111000111110011001011010111
01001011010011010100010010111111111010111111000101110000011010000011000011110011
10001101000110110101100010011110010011011011111110111011101101001000101011010110
10100110111100010011110100111010110101010000100111000100101000011011000000111111
00001100110010000001111111110010011101001011100011000111110111101100110101010000
11010000101110111111100010100100001001001001110100100001011010011001000001010010
00010001100011101010110100001000010100111011100010100000101100011101010101001111
11100110011010000010110101111100101111011110110010110100010100101110001111101000
10000100100111101001001011100000001110000101100010111010100101110111001001100100
10001110101110001111101011100110100011010110111110000011110000000100110111110001
01100011010011100100011000001110011001111110100100100011001100111110001011110111
11100000110111011001100010011100101010011101011100011010000111011000010100101101
00010110000110101011000000110110011100000101111101000111101000111111011000111100
10100001011110011100100110101101100010111010100101010110010000000101111111010011
11000000100111100100001001000011101011000100010000110011011110110000101111011101
01111111110010100001100101111100011101000100000000101010000010000010111011110010
00100010111101011000010001001011110011000011001111101010000001011101110011111111
10011111011101000001110111111111011111001100011110101000010111011111010001000101
01101111101000010001111011100010100101010110101001111101100000111111000001011000
00101010000011010010100100100100001100010011111001110100001010110010100001001110
11000000110010010110011000001110101111010101010010100011001001110110010110111111
00011001000000011110111010001111100111000010011000100011111010001010111011001011
10100010100001000100001101011010110101011100010000010010011100011111010010100100
11101101100001011110010111011101011111000000101001000000101010010010000011110001
10110010100001000110111011100101011000110001000111110110001000100100110110000110
10111111111110010101100110010001000100110001111110110101010101010010111011100000
10001100001010011111001110111111001100000101101110110100110101001101010111010011
00110110111100001101000001001101111001001111101010000000111111000000100110001010
10101101101101110100100110110110010011010110000100001000111111011101001001111101
10011001011100111110100011010101000011001110001011101110000011111111100001000010
11100000010001000000010001111001101010000001011110010101000101111001011001011011
00111100000011001111000000010101101101000110010010101001100010110001100110010010
11001110110010101111010110111001101100011010001101001000101101110111110000001111
11000101010001000100000010100100000100011011101000110110001101110111110101000110
00000100011011011110110110111000000101010000010010101011101001111001100110001011
00101101001010011001100100011110001000101001100110101010011111111010001111000111
01001010101000010110100010011100110010101110001110110010100101111100110111110000
11100111100001110100010111000000100111110000110001011010000100001010111011100110
01001100010010111000001011111100110110111010111010010100011100011000110001101010
11011011101001101101000011011110010001011101100110101111011111111010110111010101
10110001000011111111010100111111100001010010110001001010110111000010011000000011
11000000110110101011001000000010101000101110000110011011110011100000001100100010
00001111000011111001010000011110111100111010111111100101110111011101110000111010
00001101100001110101010100111011101111101001001110010101111111010001011001010100
00101011011001111110010101110011010100101011101001101000000111000100100100101100
00010101000001111001110010010001001001011111001011101100110000000100011110010011
00011000010010000010000101010111010100101101001011100111011110101011111111010101
01011011110101100101011101000001000110111000100000101101100011110110111110100110
10000100000000100011000010000011110000001010100101000001010100011000100101010010
11010010010100100111110111011100010001010101100101110100000110001011111011110001
00010101100011001100000111001010011111000100111110101000100100100000111101001011
11111001000010011001000100011101110111110111100100101001100100010111000110000101
00101111111101001100110001101011101100011110010000011111001111111110111011111101
01110101010111010001000100010100101100010111110100100010011001111001000010010100
01101110010100110111110011011100111100100000001101000011000011011011001101001010
00101100001101001010100101111001110000011110100010101000011111101111010101010011
10110000011110001100011110001010000011011111110111100110101110011001001110111110
11001000110100000100001100011100110000000101111001001101001110011011101011011101
00110101011110100110110011000011100001111011110101011011110100100011100111001101
10111101111001011011110110011110111110100010100001000000101011111111001001101110
10111000001001010001001000000100010011110110000000100011000110001001010010111001
01111000110110010100001101010111010101011010010101111001011010101011011100111101
11111001101100010111010111110101000010100000011111100111111011011100001000011001
01100101001111101110000010100010001001001011011110110010110010010010010111100101
00000001100101001110100011110000001111101011100001000011100010001000111000001000
11100011011000000110000010111001000011010000001111111101001001011001101001101010
01101011001000100010110110111111001000000011010010000011000011011011111100010110
01011011000101000111110000000000011011001110100010100011011011100101000111100010
01111001011101110111010100010110110100001110001001000001010010001100111000010001
01100110000100011000001001100011011100111110100100110001011101111011110001000000
10010010000100111000110111111001111111011110100111011100101100100111101000010111
10000101001110000000000110111001011100100111000101110000111011001100000110010011
11010010001101001100001100011000010010000000101011111101001010000000100100110101
11111111101100001000100100111100101111110110111011010101010110101101001010101110
10100110000111100101110010010000000000111010001010010101011110111000010110000110
00000111011110110011100111000110010101111111100101101000010011110011111000100101
11100100111001010001010000101101000101111101110101111001000111111100010101001101
00111100011010010000001110011111001110110011010111001100010011000100110011100100
11100111110110111101010001001001010000001111111010010111110011100101100100101111
10010001111000001001000010011011000011100101010001110000110100011000100100100111
10110110100100011110110111111011111100001111101101010000100010010101010000011100
11101100100110011100100001000010000000100010101000001011101111101100110010000000
11011110011011000011010110011011010100111101010101011111111011101011011000111011
01011101100100110110010001100101100100101100110000101011001100111001110000010111
11111111101001000001000111010111100101010000110010110110100100011100111001110010
11111010110101010110010110101111001111001011100010011011010111011111100001100110
01001000111111101110000011010111100111111101001010000011100111011111110100111101
11101110011110111110011101001100100001101000000000100110000000111011011010011101
10110110011010000010000101101110110010000001110010010010001001010101001110110000
11100111001001001111010110011111100000001000010101010111111011111011001110101100
00111101110000111101100001011011001000000101111110100010100001010000010101001111
00100110100110110011101001001110110100101001001010011001111010000101010110110001
01000001101000000100110000010110000001111000000001010100101111000001001101011110
00111010100111010100000000111000001001001001011110111100011011111111000100101100
11100000000001111101000101010101001001010000011000001111000110010010101010010000
01000110111010001010110110110101011101010110001101010110111100110011011110100010
11101100011001011010101010010001000111110100110010000001110011110110101010000111
00101100111011001110111101011010111100011001101001100101100001001010000011100010
10100001001011111100001001110001100000000110111011001011011011010100011001000111
10001001111000101010110100001000010101000011101000011001110111101010001110011101
10110100101001010100101101101110011101001101100011110011010101001111100010010100
00100100110110010110110010010111011011111010101000001100010100111111110010001010
10010101001001001101100100011000011101111010111100000110010110000011101111101001
01001000011100111010010001101100101100010010000100011110101011000111011001101111
10000111010001110100110011110100001101111110001101000010000110100011001101101110
01001111000101000111101000110101010110110010111101100101011110000000100010010010
10001001110011011000010100001000000011110011000101101011111111001101101001010010
01011101110010111101111000100111000010100000111010011011101010001001111000110011
00100001100010111011101010111100001001011110011111100110001001010110000101101011
01010010111110111000000110110100101110010101101100110000100100001000010111110010
01110110010100010001010000110001100000100111000011111000011011101001111110110010
10110101010110100010101111000100101001111001100100100000010111010101000010011111
10010011011011011011010101011001010101001000111010101101010111011000001010101100
00101010000111101001000101101101101110110011000100101011111001001101001110010100
00001011011100001010110011001100000111010111001111010010001011011111000101100001
10001001111100100000011010010111110110000101110011001111110000001001001101000100
10101111100100010010011010011110110101100010111011101111001011101101111100111111
00011000011101110110101100100001010011110101011010000111000011010000001010000011
01000100101001011100101010010101101110001110111001001111011111110100001010110100
00010111001101111110101100001011111001100001111100111111110100010001010000001101
01100101011110110011101001101001111110011001100100100011010011110000011011110101
01010010111011001011001000001110111010011101100000101110001111101101010100101001
11011101101010110111001110100010100101110011010111110111010111000110110010011010
11101110010100001100010100101011010011001101101111110001110011001010110100100011
10001000001101010011110011011100110111000001110001010110100000111101011100011011
10011001011000111011101101100000100000000100010011100001001000101011101111111000
1010001001011101111001110010010101010111001100110001100011000001111010


========================================================================================================================
TRUE WEIL(k=282) | N=10230 | p=10243 | 2026-05-11 07:59:39.503
PSL: 422→138 | Bal: 2→4 | Flips:0 | Phase1:2 | 59.38s
Valid: [0, 2, 4, 6] | OK: ✅
========================================================================================================================
11010001010000110011100111110001100010101111011100111111011110001001100110110110
10111100101011110011101001011010101110110010001110111001011100111101101100111001
10000011111010011101000111010111101101111010110000100000001000111100101100011100
11100010001001011111001110111000000100010111100000011001111000100100100000000100
10001101111001101100100001001000111110011001001001110110100010101011111001101111
10111011111000010111101010110010000111011101001111100011100000111001101111110000
11101000011101000101101001100110100100101000101011110001000001110101100111101001
10000110111011011001011000111010111001000111000110101111101100101011001111110100
00011110001001000101001101100110100001111100100101110110101010001101010111111011
01001100011110101010000000110101100111100101010000110011010111110001100010110101
10000011110011010111000100111111111111010000101011010100101001001101011111110101
00010001101111011010000100000110100000101010111110110110011100010101110101011100
01110110011000110101111000101111100011101110000000010001101011110011110110010111
10101111001011001100101110100110100000011011011100111100001000001010110010100010
00111011011110100111001000011100000111011101011110101111000011110101011100100011
01100111110001001111101100011011101011111000100110111000001101100000001000100000
01011011110001101000000101010110011011000101001001010101001100011100010100111001
11100111001000100101111011100110001110111111110111010101111000101001001001001011
10011010100100101100101011000011111111010001001000111101111100001101100101101000
11101010111111001101100011000001000000110000101100101110000010010011000000010100
01011011000010000011001000101001000101101000110100111111010000100110100110000011
00011010000000011011100000110010111011100111111100111001000001011101010100100110
10001100100100010100010010111010001100111101000001010010110000010111011011100111
11110100001011100101010100111010101000000011010001000101011010000000001001100011
01110011100100100010010011011011101111101101001100011001000100010101101010101011
10001100110001011110111111000110001110111000101000110111101110010101010110111001
01010110110100001101101000000011100001100001110101010101110101110000000100010001
01101010110111010111101001100110101000100100011000011111011100001111100101011100
01111100011111100110010011111000010000010110010111011100001101000010110001010101
10101111001100010101110110101100101001000010010011011000100000100010001011010100
01110100000101011110110000111011010101010101111010010110100011101001011011011011
11111100111110011101010110000000011100111111101000110001000001001001110101101100
11101101010000101001011110000101001010111111011101111001110101001011011001010110
10010100100100000010000111010110010001011110111100011110111100111111011011101101
01100101001010101000010001011101111011001111110110101110001100110001000000111001
11011111100110010000101111101011111001111000100101101001110100100001101010111111
01001100011000000100110100101111010101011000000101011110101101110110010100001001
11010000110111000001110110110001111101111011010001010110100010011100010001100010
10011001010111111100101000011110010000100110000000111010101011100000011100011111
01001100011001011101001010010000110001001001101000101000101011001100111001010100
00110000001000100000101001101100111110111110000110011001001010110101001001111000
11000100110110000001111101100011011011100001000000000101110110001001110100000011
01010100100110010010010100001100001011011000100101100101110000111101010011110010
10100011101110100001101000010010011110101010010111011101110011011110111110101011
01011011011011000101101101111001100100011101001010010010100001010011100000111000
01000010111001111111111101110011010010110110100010100010001010110100010111001111
01110110110000110100111111101011100001000010010111011111110000001010110100110000
00110001100110101011100111010011101110001110110000100000101101000000110110110001
10110010011010011010100110111000001010011111010100101111100110111001101001110101
10011100110010010110101011111000111110110101001101100000010001011101100111000001
01010111011011111010111010001011001101110001010101101010010110011100110001101111
00010000011011100100010010100011010000010100100000100100001110110011100100011011
11010101100001010010111101110001010111000100111011011100100011001110001001011001
10101100000011101001100000101111010111011100100100110000010101010000111001111111
00001110011010011100110000101001011010100111101110010100001110111100001110100001
01011101100010111111001010100010100000000000111101000111010101110000101000010011
11000111111000010011000101100110000000100010110000010000000101111010100110011001
01100011100001010000100001011100000010010010101100100101000110001101011011001101
11011111001100101110010000011000000111011011101100011100010111100101101000101010
10101100000110001100010011111001001011110110011100011110100011011100001001101001
10100101000011001110110111100111011000100101000001101100000100101110111001010110
11011010011110010011001111000110110111100011010011101010011110110001111101100000
01110010101101101010010000100100110101011011010000110100100000101110000110101011
11111000110111110011101110001110010011011010111000111011101011100011111000000010
11000010000101101100111100001001111111000111010011000010010100000100011110010011
01000100111010010011001111011010110001101000101010000110010010110100100111100011
00100100100001010110111100000001110110000000110100100111010010000010100000001100
00111000111011100000000110001000101010010101110110000101111100001001011100111101
11010111100110011110011101100010010111100100111101000100010111011110010011111000
10110110101011001111010110010001100011010111000001011011111010110111000101011110
00110010111011010000100100110011110011010010111100001001110001010010000010001000
00101001001110111111111101011101110001101100011001101001100011101101111111100011
10011001101101010111010010101100111010111011000111010001110010011000100000000011
01010100001110000110000010011101001101111100111101101111101011111111001010110111
01010010010111011101110001010010000011100101000010100110110101001010001001100000
00010100010001011110000101111000010101111000111100010000011101111001001111001011
11010000010001011111011000111011010001101110111000011111000011110011110010101110
00101101011010000111110111100111110000111001001100111011110011110010100010101010
01001110110010110001111001110101100000001101011001101001100111101101011011001111
11001001111110100010001111110000110001001001111100101011011011100011100100011101
01000010100100111000111000011011101000100110011110111100100011001110110101111010
00100011011101110101111111010111110110111111001000101110000011101000100000011010
00101010011111010101110100100010010011001111011000111000011101010111010110010000
11111110010101100011011001010101010110010011010000110101110011001111000000000000
11101100011101110010110101100111011001100011000000110011111011001001111111101010
10010000101001110101110110001110010111010011110110010110100010010111001000000100
00011001010010110011101101111111111011011100110001111000010110110000001100110100
01000111101100000111000100100000010111110111101101011011110111101100111111101000
00100111010100010010000100100101010101110100000110111100111111100001101001011110
01100101110010011100101000110110010011101001100100010010110010011100111010000000
00101101000010001001101111000100010011010000110100111100001111110001000001100110
01010100001110000000000000000011000110000011001011000001110001000101010011000100
01000100100111000100010110100110100110011101100011100010100001111111010000010100
11011011000010010110011001000101111110111110010100001000100010100110010110101101
11111110011101100010011011100000111111001011111000011110100110111110010001101010
00101111100010101100001011101010100101001110111011111101010000000010101001111001
01000111000111110101001101000010011001100111111001110010010011100011000111010000
11111111110100101100000010100101010101100001000010001101101111100011010110100011
11011110100010101010111001110000101011011110010110101001110100111010011011101001
10111111011101001100011110101100000010001101010010011111011011011000100100101000
00111111000110111000011010101101000000111111111101100101000101010100010101110110
01101010101110111110000111111010110000001010100100101101001101111000011011000110
00010000100101000000011111101110001100011101010110101110010000000011000011101110
10111100100110011111010010001101111111000111101110101010011101010011110011100100
00011101010110010010101101111010101011010101001000100010000001100010111010100010
11110001001011110000001101001010001010011110101001110111000001100110011110100100
01000111010100000010111010010110000010101100011101000101011111101010100000100011
00110111100101110111000110010001000101011011101110011011000000000111101000001010
00111000101011100111011010100001110000001011101010001101111110111001110001101000
01001010111000111100010000010011001011001111010110011000111111100010001001110010
11110001001110010011000011001010101010010010000100000110100110010001110011100001
01001101101100000101101111110100000100110100101101101001001000101100110001010000
01100001000000100000100011100110001110110111001101011110011001110011101010110001
00000010111111111000011001001000011001100100011001000001011001010000101011011110
11100011011100011101100111101011100101111001101001110000100011000011101011101001
00100000111110111010101000001100100110010110110010011001000001010101110001111101
11000000110111110011011111111100100010111101100101010011101001110100001110001011
00111110111001011100001100011001001110100101100100010100110001001011010101110010
01010011000011011101111100000110110101110101010100000110100101100101111001000000
10101101100101011110000101011011010110111011100100101011011010000011100100010110
11000000001011011000000111010110010000101011000010000101101010001001010110100101
11100110110110111101101100001010111001010000110100110110011000001100101101010000
11111000111111101011000000010110000010110100100101111110101110000101011110011010
00101110100001111100101000101000100100010101011010111111011101111110011110000010
11111000100010011101111110100110110110011000011001011001011110011000101000110101
01101101101001000001100101111001111110000101110101110011100001110010111000011111
00101110110000111010110000011010000111110011011111001001101101010100011110111001
0000000001111111000010001100110110010110000011101101001001010111110001

